[load] missing=0 unexpected=0

기준(16블록 전체):  셀 0.5616  완답 25/512

── ① 블록 1개 제거 (매 세그, 15블록 실행) ──
    제거블록        셀       Δ셀     완답     변위‖Δh‖/‖h‖
       0   0.5615  -0.0001     25         0.0819
       1   0.5615  -0.0001     25         0.0822
       2   0.5615  -0.0001     25         0.0819
       3   0.5615  -0.0001     25         0.0820
       4   0.5615  -0.0001     25         0.0823
       5   0.5615  -0.0001     25         0.0819
       6   0.5615  -0.0001     25         0.0820
       7   0.5615  -0.0001     25         0.0822
       8   0.5615  -0.0001     25         0.0822
       9   0.5615  -0.0001     25         0.0822
      10   0.5615  -0.0001     25         0.0824
      11   0.5615  -0.0001     25         0.0824
      12   0.5615  -0.0001     25         0.0829
      13   0.5615  -0.0001     25         0.0831
      14   0.5615  -0.0001     25         0.0825
      15   0.5615  -0.0001     25         0.0821

── ② 앞에서부터 k블록만 실행 (깊이 절단) ──
 keep        셀     완답
    1   0.5337     13
    2   0.5537     15
    4   0.5606     25
    6   0.5605     25
    8   0.5606     25
   10   0.5618     25
   12   0.5607     26
   14   0.5619     24
   16   0.5616     25
